0 0.7536057692307693 0.23317307692307693 0.09735576923076923 0.15384615384615385
0 0.609375 0.28846153846153844 0.11658653846153846 0.11778846153846154
0 0.9074519230769231 0.3762019230769231 0.10817307692307693 0.15264423076923078
0 0.7379807692307693 0.38100961538461536 0.12379807692307693 0.13701923076923078
0 0.6237980769230769 0.40865384615384615 0.11778846153846154 0.13341346153846154
0 0.8365384615384616 0.45913461538461536 0.1310096153846154 0.14783653846153846
0 0.7403846153846154 0.5108173076923077 0.1141826923076923 0.140625
0 0.3269230769230769 0.5661057692307693 0.13581730769230768 0.1814903846153846
0 0.4387019230769231 0.5817307692307693 0.09495192307692307 0.14182692307692307
0 0.6189903846153846 0.7463942307692307 0.12259615384615384 0.14783653846153846
0 0.5324519230769231 0.8701923076923077 0.12620192307692307 0.18629807692307693
0 0.7427884615384616 0.9447115384615384 0.10576923076923077 0.10576923076923077