0 0.8112980769230769 0.15264423076923078 0.09375 0.11658653846153846
0 0.5480769230769231 0.19471153846153846 0.11778846153846154 0.13701923076923078
0 0.9387019230769231 0.23798076923076922 0.09375 0.13581730769230768
0 0.4326923076923077 0.2403846153846154 0.08653846153846154 0.10576923076923077
0 0.7391826923076923 0.29086538461538464 0.09375 0.12740384615384615
0 0.4987980769230769 0.2920673076923077 0.09014423076923077 0.0985576923076923
0 0.3870192307692308 0.34615384615384615 0.11899038461538461 0.1201923076923077
0 0.5336538461538461 0.43509615384615385 0.08774038461538461 0.1045673076923077
0 0.10576923076923077 0.5060096153846154 0.08653846153846154 0.109375
0 0.49158653846153844 0.6262019230769231 0.08173076923076923 0.11177884615384616
0 0.3557692307692308 0.7067307692307693 0.09375 0.125
0 0.42427884615384615 0.7692307692307693 0.09014423076923077 0.11177884615384616
0 0.32572115384615385 0.8677884615384616 0.09975961538461539 0.12139423076923077