0 0.6177884615384616 0.1778846153846154 0.078125 0.11658653846153846
0 0.5408653846153846 0.3629807692307692 0.09975961538461539 0.12139423076923077
0 0.7391826923076923 0.5108173076923077 0.10336538461538461 0.12980769230769232
0 0.6814903846153846 0.5733173076923077 0.11538461538461539 0.140625
0 0.5036057692307693 0.06610576923076923 0.07692307692307693 0.1141826923076923
0 0.6201923076923077 0.6706730769230769 0.09735576923076923 0.10096153846153846
0 0.6923076923076923 0.7079326923076923 0.09375 0.1141826923076923
0 0.051682692307692304 0.7860576923076923 0.10096153846153846 0.15625
0 0.5865384615384616 0.8004807692307693 0.12139423076923077 0.15865384615384615
0 0.7355769230769231 0.8569711538461539 0.10096153846153846 0.12980769230769232
0 0.24639423076923078 0.0889423076923077 0.11057692307692307 0.0985576923076923
0 0.5829326923076923 0.09014423076923077 0.09615384615384616 0.12139423076923077
0 0.6610576923076923 0.9230769230769231 0.08173076923076923 0.12740384615384615