0 0.5733173076923077 0.12620192307692307 0.09014423076923077 0.14783653846153846
0 0.34615384615384615 0.19471153846153846 0.1346153846153846 0.18269230769230768
0 0.7151442307692307 0.2127403846153846 0.08653846153846154 0.15264423076923078
0 0.24759615384615385 0.31850961538461536 0.09735576923076923 0.10576923076923077
0 0.8581730769230769 0.4831730769230769 0.10576923076923077 0.14302884615384615
0 0.6358173076923077 0.5060096153846154 0.09735576923076923 0.13221153846153846
0 0.7007211538461539 0.5709134615384616 0.08774038461538461 0.11658653846153846
0 0.8665865384615384 0.6045673076923077 0.10576923076923077 0.125
0 0.6213942307692307 0.6225961538461539 0.10576923076923077 0.1141826923076923
0 0.5096153846153846 0.7379807692307693 0.09615384615384616 0.10576923076923077
0 0.4182692307692308 0.7824519230769231 0.09975961538461539 0.12740384615384615
0 0.6382211538461539 0.7932692307692307 0.11177884615384616 0.13221153846153846
0 0.703125 0.9050480769230769 0.12139423076923077 0.16105769230769232
0 0.49038461538461536 0.09254807692307693 0.10336538461538461 0.13221153846153846