0 0.3329326923076923 0.2091346153846154 0.08173076923076923 0.140625
0 0.18870192307692307 0.22115384615384615 0.05889423076923077 0.18269230769230768
0 0.2548076923076923 0.25600961538461536 0.08173076923076923 0.12740384615384615
0 0.9122596153846154 0.27403846153846156 0.10336538461538461 0.13581730769230768
0 0.35096153846153844 0.33533653846153844 0.09975961538461539 0.11177884615384616
0 0.3713942307692308 0.42427884615384615 0.08173076923076923 0.109375
0 0.5625 0.6105769230769231 0.08774038461538461 0.13701923076923078
0 0.8882211538461539 0.7247596153846154 0.11298076923076923 0.12740384615384615
0 0.640625 0.7872596153846154 0.09615384615384616 0.12980769230769232
0 0.8569711538461539 0.8137019230769231 0.12740384615384615 0.12139423076923077
0 0.5913461538461539 0.8834134615384616 0.11298076923076923 0.13581730769230768