0 0.4651442307692308 0.24158653846153846 0.10576923076923077 0.15264423076923078
0 0.3137019230769231 0.2536057692307692 0.09375 0.125
0 0.22235576923076922 0.3233173076923077 0.11538461538461539 0.13581730769230768
0 0.5504807692307693 0.3245192307692308 0.12379807692307693 0.16826923076923078
0 0.46634615384615385 0.3786057692307692 0.11298076923076923 0.14302884615384615
0 0.625 0.42788461538461536 0.11538461538461539 0.14543269230769232
0 0.5300480769230769 0.47596153846153844 0.09735576923076923 0.125
0 0.6526442307692307 0.5612980769230769 0.11899038461538461 0.15264423076923078
0 0.25 0.5817307692307693 0.12379807692307693 0.15865384615384615
0 0.3701923076923077 0.6009615384615384 0.12860576923076922 0.15264423076923078
0 0.33774038461538464 0.7487980769230769 0.06129807692307692 0.09014423076923077
0 0.5168269230769231 0.78125 0.078125 0.109375