0 0.7920673076923077 0.2668269230769231 0.08653846153846154 0.11177884615384616
0 0.8389423076923077 0.3629807692307692 0.08653846153846154 0.12139423076923077
0 0.7536057692307693 0.3737980769230769 0.09254807692307693 0.10576923076923077
0 0.3161057692307692 0.5216346153846154 0.10817307692307693 0.1201923076923077
0 0.8112980769230769 0.5288461538461539 0.09975961538461539 0.125
0 0.5444711538461539 0.5396634615384616 0.10336538461538461 0.125
0 0.22235576923076922 0.5492788461538461 0.09495192307692307 0.1201923076923077
0 0.5120192307692307 0.6442307692307693 0.11177884615384616 0.1201923076923077
0 0.30649038461538464 0.6574519230769231 0.06850961538461539 0.11177884615384616
0 0.203125 0.6754807692307693 0.10336538461538461 0.12740384615384615
0 0.4699519230769231 0.07451923076923077 0.11778846153846154 0.12740384615384615
0 0.4963942307692308 0.7620192307692307 0.11057692307692307 0.13341346153846154
0 0.8521634615384616 0.0889423076923077 0.10096153846153846 0.125