0 0.3449519230769231 0.14783653846153846 0.12620192307692307 0.16706730769230768
0 0.5516826923076923 0.2776442307692308 0.11177884615384616 0.14783653846153846
0 0.44471153846153844 0.3317307692307692 0.13701923076923078 0.14543269230769232
0 0.7199519230769231 0.33533653846153844 0.12139423076923077 0.13221153846153846
0 0.7475961538461539 0.4411057692307692 0.13221153846153846 0.16346153846153846
0 0.8653846153846154 0.4543269230769231 0.11538461538461539 0.15264423076923078
0 0.8497596153846154 0.5733173076923077 0.11899038461538461 0.14543269230769232
0 0.6875 0.6201923076923077 0.1622596153846154 0.1875
0 0.8052884615384616 0.6850961538461539 0.12740384615384615 0.171875
0 0.3485576923076923 0.7379807692307693 0.09615384615384616 0.12740384615384615
0 0.7115384615384616 0.7536057692307693 0.09975961538461539 0.12139423076923077
0 0.5673076923076923 0.7608173076923077 0.09735576923076923 0.12980769230769232
0 0.7884615384615384 0.8377403846153846 0.14903846153846154 0.16826923076923078