1 0.31971153846153844 0.1658653846153846 0.10817307692307693 0.12139423076923077
1 0.24759615384615385 0.2824519230769231 0.11538461538461539 0.12139423076923077
1 0.11298076923076923 0.31850961538461536 0.11057692307692307 0.109375
1 0.4483173076923077 0.3786057692307692 0.10096153846153846 0.12740384615384615
1 0.5228365384615384 0.43149038461538464 0.09735576923076923 0.12740384615384615
1 0.46274038461538464 0.5420673076923077 0.09975961538461539 0.14543269230769232
1 0.6838942307692307 0.5420673076923077 0.10817307692307693 0.13581730769230768
1 0.8137019230769231 0.06971153846153846 0.09014423076923077 0.1201923076923077
1 0.5889423076923077 0.7019230769230769 0.13221153846153846 0.13221153846153846
1 0.5084134615384616 0.8088942307692307 0.06490384615384616 0.09615384615384616
1 0.6009615384615384 0.8293269230769231 0.09615384615384616 0.12139423076923077
1 0.40865384615384615 0.8413461538461539 0.12139423076923077 0.18269230769230768
1 0.703125 0.84375 0.11899038461538461 0.14543269230769232
1 0.11177884615384616 0.8581730769230769 0.11298076923076923 0.16346153846153846