0 0.6670673076923077 0.171875 0.125 0.19230769230769232
0 0.5637019230769231 0.20072115384615385 0.10576923076923077 0.15625
0 0.7560096153846154 0.24278846153846154 0.08413461538461539 0.12980769230769232
0 0.40625 0.37259615384615385 0.11538461538461539 0.16706730769230768
0 0.3125 0.4254807692307692 0.09975961538461539 0.13701923076923078
0 0.34975961538461536 0.5204326923076923 0.12740384615384615 0.125
0 0.29927884615384615 0.6021634615384616 0.10576923076923077 0.125
0 0.46875 0.6622596153846154 0.11538461538461539 0.13701923076923078
0 0.3557692307692308 0.7019230769230769 0.13221153846153846 0.13701923076923078
0 0.5324519230769231 0.7692307692307693 0.109375 0.13221153846153846
0 0.45913461538461536 0.8629807692307693 0.11177884615384616 0.13221153846153846