0 0.28966346153846156 0.1201923076923077 0.11298076923076923 0.140625
0 0.7524038461538461 0.3161057692307692 0.08173076923076923 0.14302884615384615
0 0.7355769230769231 0.41947115384615385 0.09735576923076923 0.10817307692307693
0 0.15985576923076922 0.4735576923076923 0.08413461538461539 0.1045673076923077
0 0.2608173076923077 0.49278846153846156 0.09014423076923077 0.109375
0 0.6394230769230769 0.052884615384615384 0.09375 0.10576923076923077
0 0.36899038461538464 0.5516826923076923 0.1045673076923077 0.13942307692307693
0 0.7259615384615384 0.5661057692307693 0.09735576923076923 0.09615384615384616
0 0.5432692307692307 0.6033653846153846 0.11538461538461539 0.14302884615384615
0 0.2860576923076923 0.6045673076923077 0.08774038461538461 0.1045673076923077
0 0.11778846153846154 0.6550480769230769 0.10336538461538461 0.11658653846153846
0 0.3870192307692308 0.671875 0.08413461538461539 0.1141826923076923
0 0.8052884615384616 0.7007211538461539 0.08052884615384616 0.1141826923076923
0 0.4495192307692308 0.7403846153846154 0.09014423076923077 0.09615384615384616
0 0.8461538461538461 0.7776442307692307 0.08653846153846154 0.09615384615384616
0 0.4098557692307692 0.8257211538461539 0.09375 0.1201923076923077
0 0.890625 0.859375 0.09254807692307693 0.1045673076923077