0 0.3473557692307692 0.16105769230769232 0.09735576923076923 0.09375
0 0.49399038461538464 0.16346153846153846 0.06850961538461539 0.09014423076923077
0 0.5600961538461539 0.19591346153846154 0.08052884615384616 0.1141826923076923
0 0.8497596153846154 0.23076923076923078 0.07211538461538461 0.13701923076923078
0 0.6959134615384616 0.31009615384615385 0.07451923076923077 0.14543269230769232
0 0.5961538461538461 0.32091346153846156 0.12139423076923077 0.14302884615384615
0 0.9423076923076923 0.328125 0.09014423076923077 0.125
0 0.2704326923076923 0.34134615384615385 0.09375 0.1141826923076923
0 0.2620192307692308 0.6490384615384616 0.125 0.125
0 0.6911057692307693 0.7091346153846154 0.09254807692307693 0.0889423076923077
0 0.5913461538461539 0.7115384615384616 0.08052884615384616 0.0985576923076923
0 0.5276442307692307 0.0733173076923077 0.08774038461538461 0.1201923076923077
0 0.8112980769230769 0.7427884615384616 0.08774038461538461 0.109375
0 0.5144230769230769 0.7560096153846154 0.08653846153846154 0.0985576923076923
0 0.10817307692307693 0.7716346153846154 0.11778846153846154 0.109375
0 0.6298076923076923 0.7872596153846154 0.07451923076923077 0.10576923076923077
0 0.765625 0.8197115384615384 0.09615384615384616 0.109375
0 0.21394230769230768 0.8305288461538461 0.10096153846153846 0.109375
0 0.1310096153846154 0.859375 0.07572115384615384 0.0985576923076923
0 0.24759615384615385 0.9038461538461539 0.09495192307692307 0.0985576923076923