0 0.46033653846153844 0.12860576923076922 0.09375 0.16346153846153846
0 0.22716346153846154 0.19471153846153846 0.13701923076923078 0.18269230769230768
0 0.5985576923076923 0.22235576923076922 0.09735576923076923 0.15264423076923078
0 0.12139423076923077 0.31850961538461536 0.10336538461538461 0.1201923076923077
0 0.7367788461538461 0.48197115384615385 0.10336538461538461 0.140625
0 0.5144230769230769 0.515625 0.09014423076923077 0.1201923076923077
0 0.5829326923076923 0.578125 0.09375 0.11298076923076923
0 0.7451923076923077 0.6057692307692307 0.10096153846153846 0.13221153846153846
0 0.4987980769230769 0.6286057692307693 0.09014423076923077 0.1201923076923077
0 0.38822115384615385 0.7403846153846154 0.09735576923076923 0.11658653846153846
0 0.2920673076923077 0.78125 0.11538461538461539 0.13822115384615385
0 0.5120192307692307 0.7956730769230769 0.11899038461538461 0.13221153846153846
0 0.5901442307692307 0.9074519230769231 0.10336538461538461 0.14783653846153846
0 0.36899038461538464 0.09735576923076923 0.10817307692307693 0.14543269230769232