0 0.8137019230769231 0.125 0.09014423076923077 0.125
0 0.28365384615384615 0.13581730769230768 0.09615384615384616 0.1201923076923077
0 0.7728365384615384 0.21394230769230768 0.11778846153846154 0.15144230769230768
0 0.2608173076923077 0.24278846153846154 0.09735576923076923 0.14302884615384615
0 0.21033653846153846 0.33774038461538464 0.10096153846153846 0.11658653846153846
0 0.5276442307692307 0.3798076923076923 0.08653846153846154 0.1141826923076923
0 0.20793269230769232 0.49759615384615385 0.09375 0.12980769230769232
0 0.13942307692307693 0.5649038461538461 0.09735576923076923 0.1201923076923077
0 0.34975961538461536 0.5853365384615384 0.09254807692307693 0.12139423076923077
0 0.5540865384615384 0.6670673076923077 0.09735576923076923 0.1201923076923077
0 0.2980769230769231 0.7584134615384616 0.09735576923076923 0.13581730769230768
0 0.6430288461538461 0.7788461538461539 0.09975961538461539 0.1201923076923077
0 0.6995192307692307 0.8497596153846154 0.11899038461538461 0.12740384615384615