2 0.1971153846153846 0.24158653846153846 0.1502403846153846 0.19471153846153846
2 0.4206730769230769 0.3076923076923077 0.15264423076923078 0.18269230769230768
2 0.8521634615384616 0.3317307692307692 0.11778846153846154 0.19951923076923078
2 0.7175480769230769 0.3473557692307692 0.18990384615384615 0.21875
2 0.8112980769230769 0.4543269230769231 0.15264423076923078 0.14783653846153846
2 0.6778846153846154 0.5012019230769231 0.15865384615384615 0.16346153846153846
2 0.5769230769230769 0.53125 0.08173076923076923 0.1141826923076923
2 0.8870192307692307 0.5829326923076923 0.13221153846153846 0.21394230769230768
2 0.5612980769230769 0.6550480769230769 0.09735576923076923 0.10576923076923077
2 0.640625 0.6694711538461539 0.08052884615384616 0.12379807692307693
2 0.43028846153846156 0.7572115384615384 0.15985576923076922 0.16346153846153846