0 0.7836538461538461 0.18509615384615385 0.11177884615384616 0.13581730769230768
0 0.08413461538461539 0.24639423076923078 0.11538461538461539 0.13221153846153846
0 0.3713942307692308 0.33653846153846156 0.10817307692307693 0.14543269230769232
0 0.7403846153846154 0.33653846153846156 0.09975961538461539 0.13581730769230768
0 0.2620192307692308 0.34375 0.08774038461538461 0.125
0 0.6490384615384616 0.4651442307692308 0.08774038461538461 0.14302884615384615
0 0.7367788461538461 0.4795673076923077 0.09014423076923077 0.1201923076923077
0 0.3605769230769231 0.53125 0.10576923076923077 0.13581730769230768
0 0.5769230769230769 0.5432692307692307 0.09254807692307693 0.14783653846153846
0 0.6935096153846154 0.5997596153846154 0.08774038461538461 0.13701923076923078
0 0.5637019230769231 0.6706730769230769 0.09014423076923077 0.11658653846153846
0 0.5144230769230769 0.8305288461538461 0.09735576923076923 0.12980769230769232
0 0.8413461538461539 0.8521634615384616 0.11177884615384616 0.15625