0 0.38822115384615385 0.16706730769230768 0.11177884615384616 0.14543269230769232
0 0.5180288461538461 0.30528846153846156 0.10336538461538461 0.140625
0 0.4098557692307692 0.38822115384615385 0.140625 0.125
0 0.765625 0.3942307692307692 0.09615384615384616 0.15264423076923078
0 0.5612980769230769 0.4699519230769231 0.09014423076923077 0.17908653846153846
0 0.4543269230769231 0.4855769230769231 0.12860576923076922 0.125
0 0.6502403846153846 0.5168269230769231 0.08052884615384616 0.14423076923076922
0 0.7307692307692307 0.5384615384615384 0.08052884615384616 0.14302884615384615
0 0.5576923076923077 0.6286057692307693 0.10576923076923077 0.14783653846153846
0 0.6466346153846154 0.6646634615384616 0.11177884615384616 0.16346153846153846
0 0.7271634615384616 0.8161057692307693 0.08774038461538461 0.11658653846153846