0 0.8076923076923077 0.11899038461538461 0.12860576923076922 0.12740384615384615
0 0.9050480769230769 0.16826923076923078 0.09615384615384616 0.12740384615384615
0 0.890625 0.2668269230769231 0.10336538461538461 0.12139423076923077
0 0.7572115384615384 0.3449519230769231 0.09014423076923077 0.13701923076923078
0 0.8365384615384616 0.359375 0.09014423076923077 0.140625
0 0.203125 0.4230769230769231 0.09975961538461539 0.12139423076923077
0 0.2776442307692308 0.5456730769230769 0.10096153846153846 0.13221153846153846
0 0.6334134615384616 0.6622596153846154 0.08774038461538461 0.13701923076923078
0 0.4879807692307692 0.6778846153846154 0.13942307692307693 0.16105769230769232
0 0.7355769230769231 0.6935096153846154 0.08653846153846154 0.109375
0 0.5612980769230769 0.7932692307692307 0.09014423076923077 0.11177884615384616
0 0.19471153846153846 0.8004807692307693 0.09495192307692307 0.12740384615384615
0 0.8689903846153846 0.8137019230769231 0.11538461538461539 0.14783653846153846
0 0.4963942307692308 0.8389423076923077 0.09254807692307693 0.109375
0 0.6382211538461539 0.8473557692307693 0.09014423076923077 0.12860576923076922