0 0.3245192307692308 0.23076923076923078 0.10096153846153846 0.11658653846153846
0 0.375 0.3245192307692308 0.09975961538461539 0.12740384615384615
0 0.2932692307692308 0.35336538461538464 0.08774038461538461 0.11658653846153846
0 0.3425480769230769 0.42788461538461536 0.08653846153846154 0.11658653846153846
0 0.4230769230769231 0.42908653846153844 0.09014423076923077 0.10096153846153846
0 0.4579326923076923 0.5108173076923077 0.08653846153846154 0.0889423076923077
0 0.3798076923076923 0.5264423076923077 0.09735576923076923 0.1141826923076923
0 0.4675480769230769 0.6153846153846154 0.09254807692307693 0.10576923076923077
0 0.7800480769230769 0.6622596153846154 0.09014423076923077 0.13221153846153846
0 0.5504807692307693 0.75 0.09975961538461539 0.140625
0 0.8557692307692307 0.7908653846153846 0.10817307692307693 0.12740384615384615