2 0.3269230769230769 0.12620192307692307 0.10096153846153846 0.14783653846153846
2 0.42427884615384615 0.2247596153846154 0.12379807692307693 0.17427884615384615
2 0.6622596153846154 0.3161057692307692 0.11538461538461539 0.13221153846153846
2 0.31971153846153844 0.41346153846153844 0.11298076923076923 0.13221153846153846
2 0.8786057692307693 0.4411057692307692 0.08653846153846154 0.10096153846153846
2 0.6478365384615384 0.48197115384615385 0.11778846153846154 0.17668269230769232
2 0.8629807692307693 0.5504807692307693 0.08653846153846154 0.125
2 0.31009615384615385 0.6057692307692307 0.13221153846153846 0.25721153846153844
2 0.06610576923076923 0.6237980769230769 0.11778846153846154 0.16826923076923078
2 0.9002403846153846 0.640625 0.07692307692307693 0.109375
2 0.8197115384615384 0.6490384615384616 0.11057692307692307 0.13581730769230768
2 0.17548076923076922 0.7091346153846154 0.09134615384615384 0.109375
2 0.7584134615384616 0.08653846153846154 0.0985576923076923 0.1201923076923077
2 0.9471153846153846 0.8762019230769231 0.08774038461538461 0.12740384615384615