2 0.5997596153846154 0.12860576923076922 0.12379807692307693 0.16826923076923078
2 0.6995192307692307 0.15144230769230768 0.10336538461538461 0.14543269230769232
2 0.9230769230769231 0.2692307692307692 0.140625 0.15865384615384615
2 0.7884615384615384 0.30528846153846156 0.125 0.15865384615384615
2 0.6802884615384616 0.3918269230769231 0.1346153846153846 0.15264423076923078
2 0.40024038461538464 0.43149038461538464 0.12740384615384615 0.17908653846153846
2 0.5240384615384616 0.6442307692307693 0.10817307692307693 0.15264423076923078
2 0.25841346153846156 0.7127403846153846 0.1346153846153846 0.17908653846153846
2 0.8185096153846154 0.734375 0.1346153846153846 0.14783653846153846
2 0.11899038461538461 0.7992788461538461 0.11057692307692307 0.16706730769230768
2 0.5528846153846154 0.8125 0.15504807692307693 0.1875