0 0.37740384615384615 0.19831730769230768 0.12860576923076922 0.12139423076923077
0 0.4963942307692308 0.20432692307692307 0.08413461538461539 0.11658653846153846
0 0.4375 0.2800480769230769 0.08413461538461539 0.09014423076923077
0 0.36899038461538464 0.3004807692307692 0.08774038461538461 0.09014423076923077
0 0.5240384615384616 0.3233173076923077 0.08774038461538461 0.14543269230769232
0 0.3954326923076923 0.38341346153846156 0.0889423076923077 0.11177884615384616
0 0.29086538461538464 0.46153846153846156 0.09615384615384616 0.10096153846153846
0 0.27403846153846156 0.5552884615384616 0.09014423076923077 0.10096153846153846
0 0.2692307692307692 0.6682692307692307 0.08413461538461539 0.11658653846153846
0 0.9579326923076923 0.7079326923076923 0.08413461538461539 0.12740384615384615
0 0.33052884615384615 0.7560096153846154 0.08413461538461539 0.1201923076923077
0 0.25961538461538464 0.8112980769230769 0.09975961538461539 0.12740384615384615
0 0.3389423076923077 0.9002403846153846 0.09375 0.12740384615384615