0 0.8870192307692307 0.18269230769230768 0.09975961538461539 0.13581730769230768
0 0.13221153846153846 0.28846153846153844 0.11298076923076923 0.14302884615384615
0 0.31850961538461536 0.4254807692307692 0.1310096153846154 0.16826923076923078
0 0.6009615384615384 0.43028846153846156 0.12379807692307693 0.13581730769230768
0 0.8774038461538461 0.5588942307692307 0.11899038461538461 0.13221153846153846
0 0.8209134615384616 0.6394230769230769 0.171875 0.13701923076923078
0 0.46033653846153844 0.6646634615384616 0.09014423076923077 0.13581730769230768
0 0.06971153846153846 0.703125 0.09975961538461539 0.109375
0 0.8774038461538461 0.8004807692307693 0.11778846153846154 0.125
0 0.5072115384615384 0.8786057692307693 0.08413461538461539 0.11658653846153846
0 0.41346153846153844 0.9050480769230769 0.10576923076923077 0.11658653846153846
0 0.6418269230769231 0.09735576923076923 0.09735576923076923 0.13581730769230768
0 0.5552884615384616 0.0985576923076923 0.09735576923076923 0.13581730769230768