0 0.1310096153846154 0.18990384615384615 0.09134615384615384 0.1201923076923077
0 0.8221153846153846 0.24519230769230768 0.10336538461538461 0.15625
0 0.71875 0.2512019230769231 0.11899038461538461 0.13221153846153846
0 0.9242788461538461 0.2692307692307692 0.12379807692307693 0.19471153846153846
0 0.7596153846153846 0.36538461538461536 0.11177884615384616 0.1201923076923077
0 0.6466346153846154 0.37740384615384615 0.1346153846153846 0.19230769230769232
0 0.36778846153846156 0.40625 0.09014423076923077 0.1201923076923077
0 0.5408653846153846 0.44471153846153844 0.11899038461538461 0.203125
0 0.4375 0.4699519230769231 0.09254807692307693 0.16706730769230768
0 0.28846153846153844 0.4951923076923077 0.15865384615384615 0.18269230769230768
0 0.1045673076923077 0.6213942307692307 0.1310096153846154 0.15865384615384615