2 0.5829326923076923 0.16947115384615385 0.1502403846153846 0.125
2 0.6634615384615384 0.25600961538461536 0.11778846153846154 0.16706730769230768
2 0.24879807692307693 0.30288461538461536 0.1622596153846154 0.18269230769230768
2 0.7211538461538461 0.3786057692307692 0.1310096153846154 0.15625
2 0.31009615384615385 0.41225961538461536 0.06129807692307692 0.0829326923076923
2 0.6778846153846154 0.4987980769230769 0.13822115384615385 0.14423076923076922
2 0.3485576923076923 0.5012019230769231 0.13701923076923078 0.16826923076923078
2 0.7884615384615384 0.5528846153846154 0.11177884615384616 0.14783653846153846
2 0.8870192307692307 0.5769230769230769 0.13942307692307693 0.17427884615384615
2 0.7043269230769231 0.6490384615384616 0.13701923076923078 0.19230769230769232
2 0.5204326923076923 0.6598557692307693 0.14903846153846154 0.14543269230769232